a0 = -0.032905487352 a1= -0.103307844764
b0 = -0.234990550826 b1= 0.367081201105 b2= -0.115471716712
el ajuste es: 
r1= 0.936955814899
r2= 0.894318459409
Donde se toma el modelo con el mayor R2, en este caso el modelo 1 
a0 = -0.032905487352 a1= -0.103307844764
b0 = -0.234990550826 b1= 0.367081201105 b2= -0.115471716712
el ajuste es: 
r1= 0.936955814899
r2= 0.894318459409
Donde se toma el modelo con el mayor R2, en este caso el modelo 1 
